==================== FILE: 00019016 ====================
  ours path : Z:\Experiment6\source_dataset\output\bin\00019016_101.bin
  auth path : Z:\authors_data\bin\00019016.bin
  ours: n_faces=32  n_edges=158
  auth: n_faces=32  n_edges=158

=== FACES (sorted by face_area -> uv_avg -> face_adj -> face_loop) ===
   i |   OURS    area  typ lop adj lbl label_name                           |   AUTH    area  typ lop adj lbl label_name                           | DIFF
  -------------------------------------------------------------------------------------------------------------------------------------------------------
   0 |        0.00098    0   1   3  13 Triangular pocket                    |        0.00098    0   1   3  13 Triangular pocket                    | MATCH
   1 |        0.00430    0   1   4  13 Triangular pocket                    |        0.00430    0   1   4  13 Triangular pocket                    | MATCH
   2 |        0.00430    0   1   4  13 Triangular pocket                    |        0.00430    0   1   4  13 Triangular pocket                    | MATCH
   3 |        0.00430    0   1   4  13 Triangular pocket                    |        0.00430    0   1   4  13 Triangular pocket                    | MATCH
   4 |        0.00852    0   1   3  13 Triangular pocket                    |        0.00852    0   1   3  13 Triangular pocket                    | MATCH
   5 |        0.01560    0   1   4  11 Rectangular blind slot               |        0.01560    0   1   4  11 Rectangular blind slot               | MATCH
   6 |        0.01560    0   1   4  11 Rectangular blind slot               |        0.01560    0   1   4  11 Rectangular blind slot               | MATCH
   7 |        0.02052    0   1   4  13 Triangular pocket                    |        0.02052    0   1   4  13 Triangular pocket                    | MATCH
   8 |        0.02052    0   1   4  13 Triangular pocket                    |        0.02052    0   1   4  13 Triangular pocket                    | MATCH
   9 |        0.02052    0   1   4  13 Triangular pocket                    |        0.02052    0   1   4  13 Triangular pocket                    | MATCH
  10 |        0.02628    0   1   4   0 Stock                                |        0.02628    0   1   4  10 Triangular blind step                | label 0->10 (Stock/Triangular blind step)
  11 |        0.02912    0   1   3  10 Triangular blind step                |        0.02912    0   1   3  10 Triangular blind step                | MATCH
  12 |        0.03608    0   1   4  11 Rectangular blind slot               |        0.03608    0   1   4  11 Rectangular blind slot               | MATCH
  13 |        0.04652    0   1   7   0 Stock                                |        0.04652    0   1   7   0 Stock                                | MATCH
  14 |        0.04978    0   1   5   0 Stock                                |        0.04978    0   1   5   0 Stock                                | MATCH
  15 |        0.10217    0   1   4  11 Rectangular blind slot               |        0.10217    0   1   4  11 Rectangular blind slot               | MATCH
  16 |        0.17444    0   1   6   0 Stock                                |        0.17444    0   1   6   0 Stock                                | MATCH
  17 |        0.20829    0   1   6   0 Stock                                |        0.20829    0   1   6   0 Stock                                | MATCH
  18 |        0.21132    0   1   5   0 Stock                                |        0.21132    0   1   5   0 Stock                                | MATCH
  19 |        0.21132    0   1   4   0 Stock                                |        0.21132    0   1   4   0 Stock                                | MATCH
  20 |        0.21132    0   1   5   0 Stock                                |        0.21132    0   1   4   0 Stock                                | adj 5->4
  21 |        0.21132    0   1   4   0 Stock                                |        0.21132    0   1   5   0 Stock                                | adj 4->5
  22 |        0.21132    0   1   4   0 Stock                                |        0.21132    0   1   4   0 Stock                                | MATCH
  23 |        0.21132    0   1   5   0 Stock                                |        0.21132    0   1   5   0 Stock                                | MATCH
  24 |        0.21865    0   1   5   0 Stock                                |        0.21865    0   1   5   0 Stock                                | MATCH
  25 |        0.21865    0   1   5   0 Stock                                |        0.21865    0   1   5   0 Stock                                | MATCH
  26 |        0.25886    0   1   4   0 Stock                                |        0.25886    0   1   4   0 Stock                                | MATCH
  27 |        0.25886    0   1   4   0 Stock                                |        0.25886    0   1   4   0 Stock                                | MATCH
  28 |        0.26693    0   1   8   0 Stock                                |        0.26693    0   1   8   0 Stock                                | MATCH
  29 |        0.56762    0   2  11   0 Stock                                |        0.56762    0   2  11   0 Stock                                | MATCH
  30 |        1.60168    0   2  13   0 Stock                                |        1.60168    0   2  13   0 Stock                                | MATCH
  31 |        1.71237    0   1   6   0 Stock                                |        1.71237    0   1   6   0 Stock                                | MATCH

  face mismatches on sort-aligned rows: 3 / 32

=== EDGES (sorted by edge_length -> uv_avg -> edge_conv -> edge_type) ===
    i |  OURS     length  typ  cnv     dihed |  AUTH     length  typ  cnv     dihed | DIFF
  ----------------------------------------------------------------------------------------
    0 |          0.03065    0    2   -1.0472 |          0.03065    0    2   -2.0944 | d_dihed=+1.0472
    1 |          0.03065    0    2   -1.0472 |          0.03065    0    2   -2.0944 | d_dihed=+1.0472
    2 |          0.03065    0    2   -1.0472 |          0.03065    0    2   -2.0944 | d_dihed=+1.0472
    3 |          0.03065    0    2   -1.0472 |          0.03065    0    2   -2.0944 | d_dihed=+1.0472
    4 |          0.03065    0    2   -1.0472 |          0.03065    0    2   -2.0944 | d_dihed=+1.0472
    5 |          0.03065    0    2   -1.0472 |          0.03065    0    2   -2.0944 | d_dihed=+1.0472
    6 |          0.03208    0    1   +1.5708 |          0.03208    0    1   +1.5708 | MATCH
    7 |          0.03208    0    1   +1.5708 |          0.03208    0    1   +1.5708 | MATCH
    8 |          0.03208    0    1   +1.5708 |          0.03208    0    1   +1.5708 | MATCH
    9 |          0.03208    0    1   +1.5708 |          0.03208    0    1   +1.5708 | MATCH
   10 |          0.04762    0    2   -1.5708 |          0.04762    0    2   -1.5708 | MATCH
   11 |          0.04762    0    2   -1.5708 |          0.04762    0    2   -1.5708 | MATCH
   12 |          0.04762    0    2   -1.5708 |          0.04762    0    2   -1.5708 | MATCH
   13 |          0.04762    0    2   -1.5708 |          0.04762    0    2   -1.5708 | MATCH
   14 |          0.04762    0    2   -1.5708 |          0.04762    0    2   -1.5708 | MATCH
   15 |          0.04762    0    1   +1.5708 |          0.04762    0    2   -1.5708 | conv 1->2 (convex/concave); d_dihed=+3.1416
   16 |          0.04762    0    2   -1.5708 |          0.04762    0    1   +1.5708 | conv 2->1 (concave/convex); d_dihed=-3.1416
   17 |          0.04762    0    1   +1.5708 |          0.04762    0    1   +1.5708 | MATCH
   18 |          0.04762    0    1   +1.5708 |          0.04762    0    1   +1.5708 | MATCH
   19 |          0.04762    0    1   +1.5708 |          0.04762    0    1   +1.5708 | MATCH
   20 |          0.04762    0    1   +1.5708 |          0.04762    0    1   +1.5708 | MATCH
   21 |          0.04762    0    1   +1.5708 |          0.04762    0    1   +1.5708 | MATCH
   22 |          0.05772    0    1   +1.6950 |          0.05772    0    1   +1.4466 | d_dihed=+0.2484
   23 |          0.05772    0    1   +1.6950 |          0.05772    0    1   +1.4466 | d_dihed=+0.2484
   24 |          0.07422    0    2   -1.5708 |          0.07422    0    2   -1.5708 | MATCH
   25 |          0.07422    0    2   -1.5708 |          0.07422    0    2   -1.5708 | MATCH
   26 |          0.07422    0    2   -1.5708 |          0.07422    0    2   -1.5708 | MATCH
   27 |          0.07422    0    2   -1.5708 |          0.07422    0    2   -1.5708 | MATCH
   28 |          0.07422    0    1   +1.5708 |          0.07422    0    1   +1.5708 | MATCH
   29 |          0.07422    0    1   +1.5708 |          0.07422    0    1   +1.5708 | MATCH
   30 |          0.07422    0    1   +1.5708 |          0.07422    0    1   +1.5708 | MATCH
   31 |          0.07422    0    1   +1.5708 |          0.07422    0    1   +1.5708 | MATCH
   32 |          0.08466    0    1   +1.5708 |          0.08466    0    1   +1.5708 | MATCH
   33 |          0.08466    0    1   +1.5708 |          0.08466    0    1   +1.5708 | MATCH
   34 |          0.08527    0    1   +1.5708 |          0.08527    0    1   +1.5708 | MATCH
   35 |          0.08527    0    1   +1.5708 |          0.08527    0    1   +1.5708 | MATCH
   36 |          0.11221    0    1   +1.5708 |          0.11221    0    1   +1.5708 | MATCH
   37 |          0.11221    0    1   +1.5708 |          0.11221    0    1   +1.5708 | MATCH
   38 |          0.12292    0    2   -1.5708 |          0.12292    0    2   -1.5708 | MATCH
   39 |          0.12292    0    2   -1.5708 |          0.12292    0    2   -1.5708 | MATCH
   40 |          0.12292    0    2   -1.5708 |          0.12292    0    2   -1.5708 | MATCH
   41 |          0.12292    0    2   -1.5708 |          0.12292    0    2   -1.5708 | MATCH
   42 |          0.14027    0    2   -1.5708 |          0.14027    0    2   -1.5708 | MATCH
   43 |          0.14027    0    2   -1.5708 |          0.14027    0    2   -1.5708 | MATCH
   44 |          0.14027    0    2   -1.5708 |          0.14027    0    2   -1.5708 | MATCH
   45 |          0.14027    0    2   -1.5708 |          0.14027    0    2   -1.5708 | MATCH
   46 |          0.14027    0    2   -1.5708 |          0.14027    0    2   -1.5708 | MATCH
   47 |          0.14027    0    2   -1.5708 |          0.14027    0    2   -1.5708 | MATCH
   48 |          0.14027    0    1   +1.5708 |          0.14027    0    1   +1.5708 | MATCH
   49 |          0.14027    0    1   +1.5708 |          0.14027    0    1   +1.5708 | MATCH
   50 |          0.14027    0    1   +1.5708 |          0.14027    0    1   +1.5708 | MATCH
   51 |          0.14027    0    1   +1.5708 |          0.14027    0    1   +1.5708 | MATCH
   52 |          0.14027    0    1   +1.5708 |          0.14027    0    1   +1.5708 | MATCH
   53 |          0.14027    0    1   +1.5708 |          0.14027    0    1   +1.5708 | MATCH
   54 |          0.15349    0    1   +1.5708 |          0.15349    0    1   +1.5708 | MATCH
   55 |          0.15349    0    1   +1.5708 |          0.15349    0    1   +1.5708 | MATCH
   56 |          0.20304    0    2   -1.5708 |          0.20304    0    2   -1.5708 | MATCH
   57 |          0.20304    0    2   -1.5708 |          0.20304    0    2   -1.5708 | MATCH
   58 |          0.20304    0    2   -1.5708 |          0.20304    0    2   -1.5708 | MATCH
   59 |          0.20304    0    2   -1.5708 |          0.20304    0    2   -1.5708 | MATCH
   60 |          0.21019    0    2   -1.5708 |          0.21019    0    2   -1.5708 | MATCH
   61 |          0.21019    0    2   -1.5708 |          0.21019    0    2   -1.5708 | MATCH
   62 |          0.21019    0    2   -1.5708 |          0.21019    0    2   -1.5708 | MATCH
   63 |          0.21019    0    2   -1.5708 |          0.21019    0    2   -1.5708 | MATCH
   64 |          0.21019    0    1   +1.5708 |          0.21019    0    1   +1.5708 | MATCH
   65 |          0.21019    0    1   +1.5708 |          0.21019    0    1   +1.5708 | MATCH
   66 |          0.21019    0    1   +1.5708 |          0.21019    0    1   +1.5708 | MATCH
   67 |          0.21019    0    1   +1.5708 |          0.21019    0    1   +1.5708 | MATCH
   68 |          0.22236    0    1   +1.5708 |          0.22236    0    1   +1.5708 | MATCH
   69 |          0.22236    0    1   +1.5708 |          0.22236    0    1   +1.5708 | MATCH
   70 |          0.23512    0    1   +1.5708 |          0.23512    0    1   +1.5708 | MATCH
   71 |          0.23512    0    1   +1.5708 |          0.23512    0    1   +1.5708 | MATCH
   72 |          0.23512    0    1   +1.5708 |          0.23512    0    1   +1.5708 | MATCH
   73 |          0.23512    0    1   +1.5708 |          0.23512    0    1   +1.5708 | MATCH
   74 |          0.23512    0    1   +1.5708 |          0.23512    0    1   +1.5708 | MATCH
   75 |          0.23512    0    1   +1.5708 |          0.23512    0    1   +1.5708 | MATCH
   76 |          0.23512    0    1   +1.5708 |          0.23512    0    1   +1.5708 | MATCH
   77 |          0.23512    0    1   +1.5708 |          0.23512    0    1   +1.5708 | MATCH
   78 |          0.23512    0    1   +1.5708 |          0.23512    0    1   +1.5708 | MATCH
   79 |          0.23512    0    1   +1.5708 |          0.23512    0    1   +1.5708 | MATCH
   80 |          0.23512    0    1   +1.5708 |          0.23512    0    1   +1.5708 | MATCH
   81 |          0.23512    0    1   +1.5708 |          0.23512    0    1   +1.5708 | MATCH
   82 |          0.23512    0    1   +1.5708 |          0.23512    0    1   +1.5708 | MATCH
   83 |          0.23512    0    1   +1.5708 |          0.23512    0    1   +1.5708 | MATCH
   84 |          0.23512    0    1   +1.5708 |          0.23512    0    1   +1.5708 | MATCH
   85 |          0.23512    0    1   +1.5708 |          0.23512    0    1   +1.5708 | MATCH
   86 |          0.23512    0    1   +1.5708 |          0.23512    0    1   +1.5708 | MATCH
   87 |          0.23512    0    1   +1.5708 |          0.23512    0    1   +1.5708 | MATCH
   88 |          0.23512    0    1   +1.5708 |          0.23512    0    1   +1.5708 | MATCH
   89 |          0.23512    0    1   +1.5708 |          0.23512    0    1   +1.5708 | MATCH
   90 |          0.23512    0    1   +1.5708 |          0.23512    0    1   +1.5708 | MATCH
   91 |          0.23512    0    1   +1.5708 |          0.23512    0    1   +1.5708 | MATCH
   92 |          0.30234    0    1   +1.5708 |          0.30234    0    1   +1.5708 | MATCH
   93 |          0.30234    0    1   +1.5708 |          0.30234    0    1   +1.5708 | MATCH
   94 |          0.30234    0    1   +1.5708 |          0.30234    0    1   +1.5708 | MATCH
   95 |          0.30234    0    1   +1.5708 |          0.30234    0    1   +1.5708 | MATCH
   96 |          0.30234    0    1   +1.5708 |          0.30234    0    1   +1.5708 | MATCH
   97 |          0.30234    0    1   +1.5708 |          0.30234    0    1   +1.5708 | MATCH
   98 |          0.30234    0    1   +1.5708 |          0.30234    0    1   +1.5708 | MATCH
   99 |          0.30234    0    1   +1.5708 |          0.30234    0    1   +1.5708 | MATCH
  100 |          0.43085    0    2   -1.0472 |          0.43085    0    2   -2.0944 | d_dihed=+1.0472
  101 |          0.43085    0    2   -1.0472 |          0.43085    0    2   -2.0944 | d_dihed=+1.0472
  102 |          0.43085    0    2   -1.0472 |          0.43085    0    2   -2.0944 | d_dihed=+1.0472
  103 |          0.43085    0    2   -1.0472 |          0.43085    0    2   -2.0944 | d_dihed=+1.0472
  104 |          0.43085    0    2   -1.0472 |          0.43085    0    2   -2.0944 | d_dihed=+1.0472
  105 |          0.43085    0    2   -1.0472 |          0.43085    0    2   -2.0944 | d_dihed=+1.0472
  106 |          0.46951    0    1   +2.3485 |          0.46951    0    1   +0.7931 | d_dihed=+1.5554
  107 |          0.46951    0    1   +2.3485 |          0.46951    0    1   +0.7931 | d_dihed=+1.5554
  108 |          0.48609    0    2   -1.5708 |          0.48609    0    2   -1.5708 | MATCH
  109 |          0.48609    0    2   -1.5708 |          0.48609    0    2   -1.5708 | MATCH
  110 |          0.48609    0    1   +1.5708 |          0.48609    0    1   +1.5708 | MATCH
  111 |          0.48609    0    1   +1.5708 |          0.48609    0    1   +1.5708 | MATCH
  112 |          0.48609    0    1   +1.5708 |          0.48609    0    1   +1.5708 | MATCH
  113 |          0.48609    0    1   +1.5708 |          0.48609    0    1   +1.5708 | MATCH
  114 |          0.49523    0    2   -1.5708 |          0.49523    0    2   -1.5708 | MATCH
  115 |          0.49523    0    2   -1.5708 |          0.49523    0    2   -1.5708 | MATCH
  116 |          0.49523    0    2   -1.5708 |          0.49523    0    2   -1.5708 | MATCH
  117 |          0.49523    0    2   -1.5708 |          0.49523    0    2   -1.5708 | MATCH
  118 |          0.67813    0    1   +2.3562 |          0.67813    0    1   +0.7854 | d_dihed=+1.5708
  119 |          0.67813    0    1   +2.3562 |          0.67813    0    1   +0.7854 | d_dihed=+1.5708
  120 |          0.68301    0    1   +2.3562 |          0.68301    0    1   +0.7854 | d_dihed=+1.5708
  121 |          0.68301    0    1   +2.3562 |          0.68301    0    1   +0.7854 | d_dihed=+1.5708
  122 |          0.68832    0    2   -1.5708 |          0.68832    0    2   -1.5708 | MATCH
  123 |          0.68832    0    2   -1.5708 |          0.68832    0    2   -1.5708 | MATCH
  124 |          0.74504    0    1   +1.5708 |          0.74504    0    1   +1.5708 | MATCH
  125 |          0.74504    0    1   +1.5708 |          0.74504    0    1   +1.5708 | MATCH
  126 |          0.74504    0    1   +1.5708 |          0.74504    0    1   +1.5708 | MATCH
  127 |          0.74504    0    1   +1.5708 |          0.74504    0    1   +1.5708 | MATCH
  128 |          0.75973    0    1   +1.5708 |          0.74695    0    1   +1.5708 | d_len=+0.0128
  129 |          0.75973    0    1   +1.5708 |          0.74695    0    1   +1.5708 | d_len=+0.0128
  130 |          0.75973    0    1   +1.5708 |          0.75973    0    1   +1.5708 | MATCH
  131 |          0.75973    0    1   +1.5708 |          0.75973    0    1   +1.5708 | MATCH
  132 |          0.76696    0    1   +1.5708 |          0.75973    0    1   +1.5708 | d_len=+0.0072
  133 |          0.76696    0    1   +1.5708 |          0.75973    0    1   +1.5708 | d_len=+0.0072
  134 |          0.85619    0    1   +1.5708 |          0.85619    0    1   +1.5708 | MATCH
  135 |          0.85619    0    1   +1.5708 |          0.85619    0    1   +1.5708 | MATCH
  136 |          0.85619    0    1   +1.5708 |          0.85619    0    1   +1.5708 | MATCH
  137 |          0.85619    0    1   +1.5708 |          0.85619    0    1   +1.5708 | MATCH
  138 |          0.85619    0    1   +1.5708 |          0.85619    0    1   +1.5708 | MATCH
  139 |          0.85619    0    1   +1.5708 |          0.85619    0    1   +1.5708 | MATCH
  140 |          0.85619    0    1   +1.5708 |          0.85619    0    1   +1.5708 | MATCH
  141 |          0.85619    0    1   +1.5708 |          0.85619    0    1   +1.5708 | MATCH
  142 |          0.89879    0    1   +2.3562 |          0.89879    0    1   +0.7854 | d_dihed=+1.5708
  143 |          0.89879    0    1   +2.3562 |          0.89879    0    1   +0.7854 | d_dihed=+1.5708
  144 |          0.89879    0    1   +2.3562 |          0.89879    0    1   +0.7854 | d_dihed=+1.5708
  145 |          0.89879    0    1   +2.3562 |          0.89879    0    1   +0.7854 | d_dihed=+1.5708
  146 |          0.89879    0    1   +2.3562 |          0.89879    0    1   +0.7854 | d_dihed=+1.5708
  147 |          0.89879    0    1   +2.3562 |          0.89879    0    1   +0.7854 | d_dihed=+1.5708
  148 |          0.89879    0    1   +2.3562 |          0.89879    0    1   +0.7854 | d_dihed=+1.5708
  149 |          0.89879    0    1   +2.3562 |          0.89879    0    1   +0.7854 | d_dihed=+1.5708
  150 |          0.89879    0    1   +2.3562 |          0.89879    0    1   +0.7854 | d_dihed=+1.5708
  151 |          0.89879    0    1   +2.3562 |          0.89879    0    1   +0.7854 | d_dihed=+1.5708
  152 |          0.89879    0    1   +2.3562 |          0.89879    0    1   +0.7854 | d_dihed=+1.5708
  153 |          0.89879    0    1   +2.3562 |          0.89879    0    1   +0.7854 | d_dihed=+1.5708
  154 |          0.89879    0    1   +2.3562 |          0.89879    0    1   +0.7854 | d_dihed=+1.5708
  155 |          0.89879    0    1   +2.3562 |          0.89879    0    1   +0.7854 | d_dihed=+1.5708
  156 |          2.00000    0    1   +1.5708 |          2.00000    0    1   +1.5708 | MATCH
  157 |          2.00000    0    1   +1.5708 |          2.00000    0    1   +1.5708 | MATCH

  edge mismatches on sort-aligned rows: 40 / 158

=== AGGREGATE (multisets, order-independent) ===
  face_type   ours: {0:32}  auth: {0:32}
  face_loop   ours: {1:30, 2:2}  auth: {1:30, 2:2}
  face_adj    ours: {3:3, 4:16, 5:6, 6:3, 7:1, 8:1, 11:1, 13:1}  auth: {3:3, 4:16, 5:6, 6:3, 7:1, 8:1, 11:1, 13:1}
  face_label  ours: {0:19, 10:1, 11:4, 13:8}  auth: {0:18, 10:2, 11:4, 13:8}
  edge_type   ours: {0:158}  auth: {0:158}
  edge_conv   ours: {1:110, 2:48}  auth: {1:110, 2:48}