==================== FILE: 00075219 ====================
  ours path : Z:\Experiment6\source_dataset\output\bin\00075219_101.bin
  auth path : Z:\authors_data\bin\00075219.bin
  ours: n_faces=17  n_edges=84
  auth: n_faces=17  n_edges=84

=== FACES (sorted by face_area -> uv_avg -> face_adj -> face_loop) ===
   i |   OURS    area  typ lop adj lbl label_name                           |   AUTH    area  typ lop adj lbl label_name                           | DIFF
  -------------------------------------------------------------------------------------------------------------------------------------------------------
   0 |        0.00496    0   1   3  13 Triangular pocket                    |        0.00496    0   1   3  13 Triangular pocket                    | MATCH
   1 |        0.02967    0   1   3  10 Triangular blind step                |        0.02967    0   1   3  10 Triangular blind step                | MATCH
   2 |        0.05055    0   1   4  13 Triangular pocket                    |        0.05055    0   1   4  13 Triangular pocket                    | MATCH
   3 |        0.05055    0   1   4  13 Triangular pocket                    |        0.05055    0   1   4  13 Triangular pocket                    | MATCH
   4 |        0.05055    0   1   4  13 Triangular pocket                    |        0.05055    0   1   4  13 Triangular pocket                    | MATCH
   5 |        0.07156    0   1   4  10 Triangular blind step                |        0.07156    0   1   4  10 Triangular blind step                | MATCH
   6 |        0.12209    0   1   4   6 Rectangular through step             |        0.12209    0   1   4   6 Rectangular through step             | MATCH
   7 |        0.21696    0   1   4   0 Stock                                |        0.21696    0   1   4   0 Stock                                | MATCH
   8 |        0.23231    0   1   4   0 Stock                                |        0.23231    0   1   4   6 Rectangular through step             | label 0->6 (Stock/Rectangular through step)
   9 |        0.24433    0   1   8   0 Stock                                |        0.24433    0   1   8   0 Stock                                | MATCH
  10 |        0.27719    0   1   6   0 Stock                                |        0.27719    0   1   6   0 Stock                                | MATCH
  11 |        0.29554    0   1   5   0 Stock                                |        0.29554    0   1   5   0 Stock                                | MATCH
  12 |        0.29976    0   2   7   0 Stock                                |        0.29976    0   2   7   0 Stock                                | MATCH
  13 |        0.30472    0   1   4   0 Stock                                |        0.30472    0   1   4   0 Stock                                | MATCH
  14 |        0.30472    0   1   4   0 Stock                                |        0.30472    0   1   4   0 Stock                                | MATCH
  15 |        2.64666    0   1   7   0 Stock                                |        2.64666    0   1   7   0 Stock                                | MATCH
  16 |        2.81218    0   1   9   0 Stock                                |        2.81218    0   1   9   0 Stock                                | MATCH

  face mismatches on sort-aligned rows: 1 / 17

=== EDGES (sorted by edge_length -> uv_avg -> edge_conv -> edge_type) ===
    i |  OURS     length  typ  cnv     dihed |  AUTH     length  typ  cnv     dihed | DIFF
  ----------------------------------------------------------------------------------------
    0 |          0.09860    0    1   +2.2440 |          0.09860    0    1   +0.8976 | d_dihed=+1.3464
    1 |          0.09860    0    1   +2.2440 |          0.09860    0    1   +0.8976 | d_dihed=+1.3464
    2 |          0.09860    0    1   +2.2440 |          0.09860    0    1   +0.8976 | d_dihed=+1.3464
    3 |          0.09860    0    1   +2.2440 |          0.09860    0    1   +0.8976 | d_dihed=+1.3464
    4 |          0.10699    0    2   -1.5708 |          0.10699    0    2   -1.5708 | MATCH
    5 |          0.10699    0    2   -1.5708 |          0.10699    0    2   -1.5708 | MATCH
    6 |          0.10699    0    2   -1.5708 |          0.10699    0    2   -1.5708 | MATCH
    7 |          0.10699    0    2   -1.5708 |          0.10699    0    2   -1.5708 | MATCH
    8 |          0.10699    0    2   -1.5708 |          0.10699    0    2   -1.5708 | MATCH
    9 |          0.10699    0    1   +1.5708 |          0.10699    0    2   -1.5708 | conv 1->2 (convex/concave); d_dihed=+3.1416
   10 |          0.10699    0    2   -1.5708 |          0.10699    0    1   +1.5708 | conv 2->1 (concave/convex); d_dihed=-3.1416
   11 |          0.10699    0    1   +1.5708 |          0.10699    0    1   +1.5708 | MATCH
   12 |          0.10699    0    1   +1.5708 |          0.10699    0    1   +1.5708 | MATCH
   13 |          0.10699    0    1   +1.5708 |          0.10699    0    1   +1.5708 | MATCH
   14 |          0.10699    0    1   +1.5708 |          0.10699    0    1   +1.5708 | MATCH
   15 |          0.10699    0    1   +1.5708 |          0.10699    0    1   +1.5708 | MATCH
   16 |          0.15107    0    1   +2.2440 |          0.15107    0    1   +0.8976 | d_dihed=+1.3464
   17 |          0.15107    0    1   +2.2440 |          0.15107    0    1   +0.8976 | d_dihed=+1.3464
   18 |          0.21852    0    1   +2.7744 |          0.21852    0    1   +0.3672 | d_dihed=+2.4072
   19 |          0.21852    0    1   +2.7744 |          0.21852    0    1   +0.3672 | d_dihed=+2.4072
   20 |          0.23412    0    1   +1.5708 |          0.23412    0    1   +1.5708 | MATCH
   21 |          0.23412    0    1   +1.5708 |          0.23412    0    1   +1.5708 | MATCH
   22 |          0.24375    0    1   +2.2440 |          0.24375    0    1   +0.8976 | d_dihed=+1.3464
   23 |          0.24375    0    1   +2.2440 |          0.24375    0    1   +0.8976 | d_dihed=+1.3464
   24 |          0.24375    0    1   +2.2440 |          0.24375    0    1   +0.8976 | d_dihed=+1.3464
   25 |          0.24375    0    1   +2.2440 |          0.24375    0    1   +0.8976 | d_dihed=+1.3464
   26 |          0.25830    0    1   +2.2440 |          0.25830    0    1   +0.8976 | d_dihed=+1.3464
   27 |          0.25830    0    1   +2.2440 |          0.25830    0    1   +0.8976 | d_dihed=+1.3464
   28 |          0.27921    0    1   +1.5708 |          0.27921    0    1   +1.5708 | MATCH
   29 |          0.27921    0    1   +1.5708 |          0.27921    0    1   +1.5708 | MATCH
   30 |          0.27921    0    1   +1.5708 |          0.27921    0    1   +1.5708 | MATCH
   31 |          0.27921    0    1   +1.5708 |          0.27921    0    1   +1.5708 | MATCH
   32 |          0.28742    0    1   +1.8553 |          0.28742    0    1   +1.2863 | d_dihed=+0.5690
   33 |          0.28742    0    1   +1.8553 |          0.28742    0    1   +1.2863 | d_dihed=+0.5690
   34 |          0.34235    0    1   +2.2440 |          0.34235    0    1   +0.8976 | d_dihed=+1.3464
   35 |          0.34235    0    1   +2.2440 |          0.34235    0    1   +0.8976 | d_dihed=+1.3464
   36 |          0.34235    0    1   +2.2440 |          0.34235    0    1   +0.8976 | d_dihed=+1.3464
   37 |          0.34235    0    1   +2.2440 |          0.34235    0    1   +0.8976 | d_dihed=+1.3464
   38 |          0.34235    0    1   +2.2440 |          0.34235    0    1   +0.8976 | d_dihed=+1.3464
   39 |          0.34235    0    1   +2.2440 |          0.34235    0    1   +0.8976 | d_dihed=+1.3464
   40 |          0.34235    0    1   +2.2440 |          0.34235    0    1   +0.8976 | d_dihed=+1.3464
   41 |          0.34235    0    1   +2.2440 |          0.34235    0    1   +0.8976 | d_dihed=+1.3464
   42 |          0.39278    0    1   +1.5708 |          0.39278    0    1   +1.5708 | MATCH
   43 |          0.39278    0    1   +1.5708 |          0.39278    0    1   +1.5708 | MATCH
   44 |          0.42083    0    2   -1.5708 |          0.42083    0    2   -1.5708 | MATCH
   45 |          0.42083    0    2   -1.5708 |          0.42083    0    2   -1.5708 | MATCH
   46 |          0.47246    0    2   -1.0472 |          0.47246    0    2   -2.0944 | d_dihed=+1.0472
   47 |          0.47246    0    2   -1.0472 |          0.47246    0    2   -2.0944 | d_dihed=+1.0472
   48 |          0.47246    0    2   -1.0472 |          0.47246    0    2   -2.0944 | d_dihed=+1.0472
   49 |          0.47246    0    2   -1.0472 |          0.47246    0    2   -2.0944 | d_dihed=+1.0472
   50 |          0.47246    0    2   -1.0472 |          0.47246    0    2   -2.0944 | d_dihed=+1.0472
   51 |          0.47246    0    2   -1.0472 |          0.47246    0    2   -2.0944 | d_dihed=+1.0472
   52 |          0.61059    0    1   +1.5708 |          0.61059    0    1   +1.5708 | MATCH
   53 |          0.61059    0    1   +1.5708 |          0.61059    0    1   +1.5708 | MATCH
   54 |          0.61087    0    1   +1.5708 |          0.61087    0    1   +1.5708 | MATCH
   55 |          0.61087    0    1   +1.5708 |          0.61087    0    1   +1.5708 | MATCH
   56 |          0.61087    0    1   +1.5708 |          0.61087    0    1   +1.5708 | MATCH
   57 |          0.61087    0    1   +1.5708 |          0.61087    0    1   +1.5708 | MATCH
   58 |          0.67157    0    1   +1.5708 |          0.67157    0    1   +1.5708 | MATCH
   59 |          0.67157    0    1   +1.5708 |          0.67157    0    1   +1.5708 | MATCH
   60 |          0.89008    0    1   +1.5708 |          0.89008    0    1   +1.5708 | MATCH
   61 |          0.89008    0    1   +1.5708 |          0.89008    0    1   +1.5708 | MATCH
   62 |          0.89008    0    1   +1.5708 |          0.89008    0    1   +1.5708 | MATCH
   63 |          0.89008    0    1   +1.5708 |          0.89008    0    1   +1.5708 | MATCH
   64 |          0.89008    0    1   +1.5708 |          0.89008    0    1   +1.5708 | MATCH
   65 |          0.89008    0    1   +1.5708 |          0.89008    0    1   +1.5708 | MATCH
   66 |          0.89008    0    1   +1.5708 |          0.89008    0    1   +1.5708 | MATCH
   67 |          0.89008    0    1   +1.5708 |          0.89008    0    1   +1.5708 | MATCH
   68 |          0.89008    0    1   +1.5708 |          0.89008    0    1   +1.5708 | MATCH
   69 |          0.89008    0    1   +1.5708 |          0.89008    0    1   +1.5708 | MATCH
   70 |          0.89008    0    1   +1.5708 |          0.89008    0    1   +1.5708 | MATCH
   71 |          0.89008    0    1   +1.5708 |          0.89008    0    1   +1.5708 | MATCH
   72 |          0.89008    0    1   +1.5708 |          0.89008    0    1   +1.5708 | MATCH
   73 |          0.89008    0    1   +1.5708 |          0.89008    0    1   +1.5708 | MATCH
   74 |          0.89008    0    1   +1.5708 |          0.89008    0    1   +1.5708 | MATCH
   75 |          0.89008    0    1   +1.5708 |          0.89008    0    1   +1.5708 | MATCH
   76 |          0.89008    0    1   +1.5708 |          0.89008    0    1   +1.5708 | MATCH
   77 |          0.89008    0    1   +1.5708 |          0.89008    0    1   +1.5708 | MATCH
   78 |          0.89008    0    1   +1.5708 |          0.89008    0    1   +1.5708 | MATCH
   79 |          0.89008    0    1   +1.5708 |          0.89008    0    1   +1.5708 | MATCH
   80 |          1.23826    0    2   -1.5708 |          1.23826    0    2   -1.5708 | MATCH
   81 |          1.23826    0    2   -1.5708 |          1.23826    0    2   -1.5708 | MATCH
   82 |          1.23826    0    1   +1.5708 |          1.23826    0    1   +1.5708 | MATCH
   83 |          1.23826    0    1   +1.5708 |          1.23826    0    1   +1.5708 | MATCH

  edge mismatches on sort-aligned rows: 32 / 84

=== AGGREGATE (multisets, order-independent) ===
  face_type   ours: {0:17}  auth: {0:17}
  face_loop   ours: {1:16, 2:1}  auth: {1:16, 2:1}
  face_adj    ours: {3:2, 4:9, 5:1, 6:1, 7:2, 8:1, 9:1}  auth: {3:2, 4:9, 5:1, 6:1, 7:2, 8:1, 9:1}
  face_label  ours: {0:10, 6:1, 10:2, 13:4}  auth: {0:9, 6:2, 10:2, 13:4}
  edge_type   ours: {0:84}  auth: {0:84}
  edge_conv   ours: {1:68, 2:16}  auth: {1:68, 2:16}