00000001
00000012
00000013
00000069
00000106
00000112
00000172
00000224
00000254
00000298
00000344
00000366
00000416
00000458
00000471
00000493
00000637
00000707
00000758
00000819
00000840
00000842
00000943
00001017
00001033
00001042
00001075
00001126
00001305
00001316
00001444
00001595
00001666
00001670
00001673
00001689
00001753
00001756
00001883
00001977
00002062
00002166
00002180
00002189
00002246
00002251
00002311
00002347
00002451
00002594
00002642
00002676
00002710
00002716
00002787
00002799
00002896
00002909
00003006
00003037
00003124
00003143
00003200
00003203
00003274
00003331
00003359
00003362
00003453
00003532
00003634
00003639
00003640
00003641
00003658
00003659
00003727
00003766
00003813
00003840
00003877
00003883
00003900
00003925
00003929
00003952
00004001
00004030
00004043
00004058
00004100
00004184
00004202
00004221
00004264
00004348
00004393
00004468
00004491
00004496
00004506
00004543
00004603
00004645
00004693
00004764
00004772
00004801
00004865
00004870
00004932
00004967
00004990
00004995
00005016
00005039
00005067
00005118
00005144
00005186
00005348
00005401
00005460
00005480
00005496
00005541
00005575
00005587
00005674
00005685
00005768
00005803
00005902
00005904
00005941
00006052
00006149
00006152
00006299
00006331
00006394
00006458
00006611
00006616
00006625
00006690
00006706
00006736
00006764
00006771
00006862
00006955
00007022
00007056
00007059
00007106
00007107
00007194
00007371
00007421
00007501
00007582
00007584
00007680
00007746
00007852
00007894
00007914
00008010
00008117
00008176
00008271
00008322
00008344
00008345
00008398
00008426
00008440
00008709
00008711
00008738
00008762
00008820
00008851
00008888
00008959
00009016
00009048
00009066
00009073
00009165
00009177
00009189
00009196
00009271
00009303
00009466
00009482
00009497
00009605
00009708
00009717
00009774
00009792
00009806
00009891
00009931
00009943
00009962
00010039
00010211
00010220
00010305
00010311
00010377
00010448
00010493
00010539
00010546
00010587
00010598
00010611
00010637
00010711
00010712
00010729
00010750
00010816
00010862
00011107
00011147
00011250
00011376
00011435
00011509
00011532
00011547
00011691
00011802
00011944
00011970
00011982
00011997
00012006
00012077
00012097
00012107
00012143
00012146
00012152
00012153
00012163
00012164
00012200
00012218
00012238
00012310
00012330
00012340
00012368
00012373
00012416
00012496
00012547
00012636
00012706
00012772
00012816
00012832
00012845
00012846
00012863
00012893
00012902
00012924
00012937
00013130
00013154
00013272
00013276
00013488
00013496
00013654
00013692
00013693
00013701
00013723
00013809
00013853
00013897
00013901
00013926
00014014
00014018
00014032
00014277
00014484
00014505
00014604
00014684
00014712
00014748
00014760
00014829
00014873
00014884
00014922
00015038
00015063
00015141
00015266
00015275
00015303
00015367
00015387
00015475
00015507
00015509
00015585
00015587
00015607
00015711
00015729
00015747
00015839
00015865
00015930
00015964
00016023
00016068
00016111
00016166
00016208
00016271
00016297
00016311
00016344
00016353
00016374
00016379
00016572
00016601
00016623
00016649
00016657
00016677
00016685
00016722
00016771
00016828
00016909
00016921
00016981
00017022
00017027
00017086
00017141
00017212
00017221
00017232
00017256
00017439
00017473
00017509
00017530
00017555
00017580
00017586
00017676
00017732
00017737
00017767
00017804
00017810
00017831
00017913
00017976
00018050
00018291
00018414
00018471
00018486
00018518
00018531
00018571
00018582
00018657
00018678
00018744
00018805
00018835
00018903
00018930
00018988
00018989
00018998
00019001
00019016
00019079
00019152
00019205
00019211
00019241
00019364
00019381
00019440
00019441
00019460
00019506
00019507
00019591
00019679
00019694
00019733
00019763
00019812
00019827
00019834
00019857
00019997
00020038
00020054
00020069
00020151
00020158
00020164
00020247
00020270
00020403
00020419
00020427
00020518
00020548
00020560
00020604
00020687
00020696
00020758
00020790
00020826
00020838
00020966
00021021
00021066
00021268
00021417
00021435
00021462
00021505
00021634
00021648
00021655
00021676
00021752
00021768
00021809
00021846
00021850
00021865
00021900
00021953
00022040
00022071
00022085
00022186
00022245
00022373
00022424
00022506
00022617
00022651
00022708
00022891
00022927
00022989
00023040
00023099
00023165
00023222
00023233
00023245
00023296
00023385
00023395
00023397
00023411
00023481
00023537
00023547
00023610
00023632
00023643
00023669
00023759
00023789
00023885
00023929
00024018
00024032
00024041
00024101
00024127
00024133
00024158
00024173
00024213
00024241
00024290
00024334
00024362
00024408
00024454
00024504
00024508
00024577
00024662
00024687
00024690
00024714
00024722
00024869
00024879
00024912
00024980
00025019
00025053
00025187
00025197
00025266
00025356
00025396
00025407
00025416
00025469
00025487
00025527
00025615
00025679
00025773
00025810
00025906
00025982
00026051
00026064
00026079
00026238
00026318
00026330
00026335
00026353
00026379
00026424
00026469
00026501
00026512
00026528
00026548
00026665
00026680
00026687
00026706
00026726
00026751
00026778
00026837
00026940
00026949
00027092
00027112
00027118
00027171
00027173
00027177
00027195
00027389
00027391
00027445
00027457
00027487
00027501
00027507
00027514
00027593
00027657
00027684
00027692
00027697
00027765
00027923
00027961
00028024
00028028
00028110
00028287
00028321
00028390
00028398
00028399
00028529
00028549
00028553
00028623
00028651
00028658
00028693
00028705
00028769
00028802
00028846
00028848
00028881
00028922
00028948
00029017
00029130
00029211
00029364
00029426
00029429
00029489
00029540
00029591
00029614
00029634
00029687
00029728
00029785
00029826
00029835
00029982
00030002
00030049
00030061
00030072
00030125
00030234
00030269
00030283
00030318
00030350
00030481
00030496
00030514
00030572
00030614
00030649
00030675
00030700
00030813
00030899
00030928
00030945
00030973
00031003
00031013
00031082
00031116
00031143
00031194
00031300
00031359
00031360
00031406
00031446
00031462
00031487
00031568
00031575
00031722
00031739
00031775
00031848
00031895
00031909
00031923
00031972
00032013
00032030
00032150
00032239
00032247
00032367
00032424
00032458
00032504
00032546
00032569
00032619
00032725
00032742
00032786
00032800
00032803
00032839
00032901
00032935
00032955
00032959
00032961
00033023
00033032
00033054
00033055
00033099
00033170
00033241
00033286
00033373
00033624
00033644
00033663
00033713
00033714
00033717
00033800
00033830
00033861
00033902
00033918
00033958
00033960
00033999
00034058
00034064
00034109
00034167
00034214
00034438
00034494
00034744
00034955
00034960
00034977
00035004
00035022
00035047
00035063
00035161
00035209
00035260
00035261
00035308
00035382
00035390
00035492
00035516
00035526
00035531
00035623
00035718
00035728
00035739
00035770
00035807
00035811
00035838
00035939
00036043
00036058
00036102
00036119
00036197
00036246
00036360
00036369
00036411
00036462
00036489
00036522
00036551
00036582
00036617
00036714
00036826
00036885
00037018
00037019
00037040
00037096
00037125
00037196
00037258
00037262
00037314
00037388
00037489
00037511
00037543
00037581
00037610
00037612
00037663
00037681
00037695
00037727
00037804
00037835
00037890
00037927
00038153
00038170
00038202
00038301
00038324
00038383
00038429
00038499
00038521
00038625
00038723
00038748
00038762
00038779
00038780
00038849
00038857
00038871
00039003
00039064
00039069
00039079
00039098
00039193
00039207
00039210
00039367
00039421
00039456
00039467
00039528
00039586
00039667
00039749
00039768
00039807
00039838
00039878
00039929
00040050
00040088
00040156
00040169
00040429
00040575
00040644
00040672
00040690
00040752
00040887
00040983
00041002
00041044
00041074
00041121
00041162
00041187
00041196
00041208
00041232
00041352
00041374
00041434
00041500
00041716
00041717
00041792
00041819
00041875
00041963
00042020
00042023
00042026
00042143
00042185
00042271
00042354
00042375
00042393
00042497
00042515
00042540
00042557
00042562
00042601
00042677
00042695
00042725
00042740
00042764
00042811
00042897
00042939
00042951
00043054
00043061
00043150
00043189
00043231
00043309
00043354
00043447
00043468
00043493
00043525
00043646
00043680
00043740
00043772
00043859
00044140
00044181
00044210
00044271
00044284
00044301
00044335
00044345
00044442
00044519
00044526
00044611
00044634
00044650
00044683
00044708
00044724
00044751
00044812
00044815
00044928
00044935
00044940
00044949
00045025
00045083
00045148
00045151
00045164
00045210
00045273
00045294
00045328
00045449
00045471
00045590
00045648
00045666
00045694
00045701
00045751
00045760
00045772
00045814
00045863
00045878
00045897
00045950
00046064
00046107
00046152
00046153
00046185
00046265
00046316
00046336
00046403
00046432
00046520
00046638
00046649
00046677
00046691
00046728
00046737
00046750
00046770
00046792
00046794
00046800
00046821
00046860
00046862
00046922
00046985
00047041
00047044
00047073
00047086
00047119
00047147
00047200
00047224
00047370
00047385
00047426
00047478
00047507
00047527
00047636
00047641
00047643
00047666
00047674
00047675
00047687
00047778
00047819
00047822
00047862
00047969
00047997
00048049
00048068
00048178
00048220
00048223
00048253
00048323
00048386
00048398
00048403
00048415
00048526
00048570
00048603
00048616
00048619
00048748
00048814
00048815
00048822
00048924
00048928
00048949
00048966
00048977
00049041
00049090
00049123
00049240
00049331
00049351
00049393
00049405
00049416
00049488
00049565
00049596
00049694
00049761
00049884
00050068
00050159
00050214
00050235
00050290
00050403
00050419
00050421
00050461
00050542
00050580
00050608
00050722
00050754
00050797
00050836
00051009
00051068
00051216
00051248
00051276
00051309
00051406
00051437
00051468
00051523
00051528
00051566
00051635
00051660
00051676
00051681
00051695
00051710
00051771
00051863
00051979
00052003
00052012
00052035
00052074
00052099
00052110
00052125
00052143
00052231
00052250
00052265
00052297
00052307
00052321
00052415
00052599
00052607
00052741
00052751
00052766
00052777
00052814
00052825
00052858
00052944
00053078
00053174
00053214
00053224
00053234
00053312
00053404
00053511
00053532
00053620
00053627
00053679
00053723
00053733
00053754
00053767
00053771
00053835
00053852
00053900
00053929
00053992
00053993
00054027
00054041
00054066
00054212
00054280
00054284
00054292
00054313
00054403
00054416
00054438
00054446
00054489
00054544
00054618
00054620
00054699
00054730
00054803
00054844
00054872
00054935
00054972
00055071
00055149
00055185
00055201
00055238
00055249
00055259
00055282
00055433
00055479
00055480
00055505
00055695
00055702
00055727
00055744
00055816
00055922
00056052
00056062
00056102
00056138
00056149
00056163
00056268
00056272
00056301
00056397
00056421
00056516
00056526
00056527
00056603
00056652
00056694
00056785
00056924
00056934
00056984
00057103
00057106
00057225
00057261
00057325
00057329
00057367
00057429
00057537
00057576
00057596
00057630
00057694
00057729
00057781
00057794
00057857
00057896
00057897
00057973
00058005
00058038
00058058
00058068
00058120
00058206
00058214
00058219
00058255
00058298
00058339
00058361
00058369
00058421
00058470
00058728
00058757
00058868
00058895
00058948
00058953
00059062
00059096
00059132
00059180
00059253
00059298
00059311
00059342
00059356
00059430
00059580
00059604
00059749
00059801
00059819
00059823
00059825
00059828
00059896
00059928
00059995
00060064
00060089
00060316
00060467
00060501
00060507
00060516
00060527
00060575
00060644
00060657
00060675
00060693
00060793
00060811
00060813
00060882
00061024
00061065
00061073
00061098
00061115
00061334
00061383
00061415
00061451
00061459
00061639
00061651
00061660
00061664
00061695
00061832
00061868
00061895
00061909
00061972
00061982
00062036
00062047
00062130
00062204
00062580
00062659
00062709
00062753
00062792
00062796
00062884
00062929
00062963
00062971
00062988
00063050
00063114
00063199
00063251
00063354
00063407
00063449
00063587
00063588
00063603
00063610
00063705
00063741
00063761
00063852
00064027
00064031
00064051
00064064
00064094
00064169
00064219
00064264
00064337
00064380
00064398
00064464
00064478
00064497
00064500
00064516
00064527
00064561
00064692
00064705
00064716
00064752
00064925
00064976
00064993
00065036
00065081
00065236
00065308
00065321
00065327
00065403
00065463
00065480
00065483
00065526
00065536
00065740
00065847
00065878
00065924
00065961
00066149
00066170
00066223
00066245
00066248
00066262
00066411
00066415
00066503
00066553
00066554
00066600
00066663
00066672
00066909
00067053
00067106
00067118
00067121
00067136
00067208
00067239
00067242
00067271
00067332
00067368
00067443
00067517
00067576
00067662
00067667
00067867
00067907
00067989
00068065
00068068
00068114
00068167
00068170
00068266
00068291
00068372
00068419
00068461
00068505
00068598
00068619
00068719
00068762
00068771
00068878
00068958
00069004
00069082
00069146
00069169
00069306
00069356
00069405
00069435
00069588
00069591
00069595
00069640
00069735
00069803
00069891
00069943
00070179
00070195
00070276
00070315
00070350
00070409
00070522
00070532
00070543
00070571
00070591
00070594
00070710
00070749
00070811
00070833
00071037
00071087
00071111
00071180
00071270
00071277
00071291
00071329
00071352
00071354
00071358
00071485
00071621
00071671
00071682
00071733
00071835
00071902
00072066
00072089
00072107
00072258
00072369
00072370
00072391
00072427
00072503
00072553
00072559
00072563
00072603
00072741
00072794
00072865
00072916
00072929
00073022
00073042
00073055
00073068
00073183
00073255
00073293
00073349
00073385
00073389
00073392
00073408
00073487
00073493
00073499
00073526
00073631
00073660
00073705
00073714
00073757
00073787
00073798
00073806
00073839
00073868
00073895
00073944
00073973
00074029
00074074
00074080
00074099
00074184
00074247
00074358
00074402
00074448
00074486
00074492
00074514
00074559
00074579
00074654
00074713
00074780
00074789
00074851
00074852
00074869
00074872
00074902
00074972
00075058
00075065
00075092
00075108
00075123
00075125
00075170
00075219
00075302
00075330
00075354
00075487
00075503
00075652
00075917
00076014
00076024
00076077
00076078
00076139
00076332
00076402
00076414
00076423
00076439
00076491
00076548
00076730
00076748
00076750
00076834
00076835
00076913
00077036
00077060
00077139
00077162
00077206
00077298
00077316
00077319
00077326
00077389
00077463
00077505
00077511
00077514
00077529
00077540
00077589
00077619
00077677
00077704
00077736
00077810
00078039
00078047
00078092
00078126
00078197
00078236
00078351
00078388
00078473
00078479
00078482
00078611
00078630
00078691
00078781
00078884
00078936
00078959
00078968
00078974
00078986
00079018
00079036
00079039
00079075
00079087
00079098
00079128
00079130
00079155
00079157
00079174
00079318
00079331
00079374
00079410
00079418
00079430
00079439
00079488
00079523
00079620
00079676
00079710
00079720
00079788
00080080
00080130
00080288
00080309
00080377
00080382
00080419
00080485
00080493
00080501
00080503
00080570
00080590
00080602
00080725
00080791
00080793
00080795
00080812
00080884
00080912
00080945
00080988
00081025
00081253
00081254
00081300
00081332
00081345
00081357
00081507
00081537
00081805
00081840
00081841
00081956
00081966
00082024
00082049
00082063
00082125
00082136
00082140
00082225
00082230
00082296
00082350
00082374
00082375
00082472
00082508
00082570
00082586
00082667
00082684
00082760
00082839
00082979
00083175
00083201
00083276
00083285
00083321
00083325
00083332
00083342
00083359
00083410
00083416
00083507
00083526
00083607
00083683
00083735
00083809
00083833
00083852
00083856
00083860
00083869
00083984
00084007
00084013
00084043
00084059
00084096
00084136
00084305
00084340
00084344
00084382
00084427
00084564
00084580
00084663
00084839
00084906
00085031
00085039
00085046
00085050
00085055
00085069
00085099
00085104
00085122
00085123
00085350
00085352
00085365
00085392
00085450
00085468
00085486
00085551
00085604
00085620
00085650
00085651
00085690
00085706
00085710
00085717
00085786
00085801
00085814
00085908
00085920
00086171
00086212
00086242
00086354
00086388
00086553
00086586
00086592
00086659
00086701
00086798
00086836
00086853
00086925
00087026
00087189
00087192
00087213
00087225
00087226
00087241
00087244
00087282
00087330
00087336
00087366
00087369
00087420
00087469
00087497
00087577
00087585
00087679
00087691
00087895
00087989
00087997
00088015
00088065
00088129
00088238
00088278
00088333
00088354
00088387
00088478
00088489
00088545
00088594
00088669
00088725
00088732
00088739
00088747
00088777
00088853
00088893
00088918
00088977
00088995
00089010
00089032
00089120
00089349
00089418
00089590
00089599
00089621
00089637
00089679
00089864
00090082
00090141
00090268
00090308
00090349
00090394
00090410
00090459
00090492
00090531
00090592
00090602
00090633
00090686
00090698
00090731
00090834
00090915
00090944
00091141
00091163
00091176
00091221
00091231
00091237
00091301
00091411
00091412
00091481
00091496
00091536
00091541
00091554
00091722
00091773
00091802
00091984
00092036
00092079
00092198
00092240
00092248
00092249
00092323
00092342
00092344
00092346
00092432
00092477
00092479
00092607
00092633
00092688
00092730
00092751
00092820
00092828
00092905
00092909
00092958
00093050
00093066
00093102
00093128
00093207
00093296
00093309
00093323
00093416
00093499
00093612
00093613
00093686
00093696
00093698
00093761
00093791
00093918
00093938
00093945
00094025
00094167
00094190
00094193
00094271
00094325
00094383
00094420
00094464
00094473
00094512
00094609
00094632
00094660
00094682
00094717
00094729
00094756
00094773
00094966
00094980
00095040
00095045
00095064
00095070
00095143
00095164
00095295
00095316
00095369
00095401
00095403
00095419
00095428
00095505
00095646
00095648
00095661
00095681
00095733
00095762
00095795
00095822
00095859
00096135
00096161
00096173
00096197
00096257
00096296
00096383
00096422
00096480
00096612
00096644
00096660
00096685
00096697
00096717
00096720
00096745
00096761
00096779
00096843
00096972
00096999
00097020
00097095
00097193
00097212
00097219
00097226
00097262
00097290
00097301
00097395
00097401
00097475
00097481
00097499
00097527
00097575
00097670
00097675
00097966
00097973
00097975
00098078
00098099
00098182
00098223
00098266
00098325
00098463
00098480
00098553
00098595
00098624
00098672
00098674
00098682
00098683
00098771
00098802
00098887
00098922
00098957
00098969
00099084
00099170
00099214
00099289
00099307
00099497
00099553
00099596
00099598
00099599
00099600
00099696
00099721
00099792
00099797
00099838
00099858
00099874
00099928
00099932
00099965
